1
182 182
00101011101100111101000110001100010011100010110101100110101010110011001100010101111110100110010000001000101000000010110011110111101101111001000001101100001010010101111111000110101010
01010000000101100101000111011101100110101111101100000011010100000111101011100100011010011010101101010100010110010110011111110001101001110101100000111001100101101010010010011101010101
10110110011000101001111110010110100100101000000000101001111100000011101101011011000010000101000100101011110100000010111101011011111001111111001111100111011100111100100011100100111111
00000101111110001101010111011101011111011001110110110100011001001001100001001111111010001000100111110110010001000000110011010010011001110101100100010001110101001010100101000111100010
11000011100000101110001111111100101111111010101100011111110001111011111001000001011000101101100011110101001100110011000100101011101011101101010010001110111111001111111011010011101110
00010001000000000111111000010010111001111101111101001010110111000011010010110100100111100010110000111000001111110011010101011101010001111001011000011001010101111010111011010101000101
11111101110010110001101101111010000010011100001011001011100011110100111110000101011000010110011101111011100010100000010111000000010111101110000010000110010000111110010001111100001111
00110000001110100011101110010010011011100110110100010001000000101111001000111010110010100100001100100000001001000111010101100100110100101011000001010000111100011101110110100100010100
01011011001100110111100100000010010010101101110000111001011111001100001100111001010100000101001000010110001101011100010100010100011000000000010010010011111101001011000111111011000111
10000011010101101110100001101001000101000001010011000110111000111010011101110001001011101100111100100100111011111000101110001110100110101110101011100000100001110011110111010010001100
01100101000110101001001111001100001010110011001010101010110101110010000110010000010010100011110101100100101001110000010011100111010010111101000000101010111110001010101000111010101010
01000101001101001101001100100001110110001000001001110000111110101000110100000100011111000011111010110000101000011111101110100001111011110110011110111101111000101010110101100011111001
11011110110101100000011100011111111010000101010100110100010010011001010000001110100001010111101110101111101010001111011011011101000111100001010010001101011101000111100111011101110001
10101010110111000110111111111110100100110000100111100000100001010100100011001101010101001001100101110111110110011011010010011111110111000111000011001000010100100110010011010100011110
10100100100000100101011110101100000100101000110010011001001011011110110010001111100011110011110111101010111011100110001011110011100101001001001100100110001111111000110011001101010100
10111001110110101101110011001101111101010011001101011011100100001101001011000111010001011101000100101010010100100110110110101111110100011100110010011011010010111000010101011111110110
10101011010001101011011100011001111011110100111101011001111110000111000000000001101001111010011100101100101101100000101001010000111101000001000000001011110101110001001011011010101101
01000011011000010100100001100101001110011110111011011111011011111111010100010011100110001111100110001010000100101110011000001010110000000010001110100010010111000001001010101111001101
10011110000110111000010110010101001101101011111011101001100010110100011010100101000101000100101011010011010011010101010011101111101000000000100000110101011101111100101011111011010100
00100100110001010101010100011110110110100110011101110010010111010000100100010000110010100000111010000101111100101101010010000111000011000001101011000111101110100111010110100100100101
10010101010011111100100101100100110100110111000101110011001000000111000010100010101011110100101101101110110101001011000100010101001011010011110111000111001111100100111001010010010111
10100101110011010001000101100011000101110010111111111011010010001001010001011000011010101111000001011111000100010010100110011110001001001110101110010000001001110011010010000100000110
11110100000111100110111010001101101001011001100110001100101110100000000111100001100010010000101001111001111010110010000101010010010101101000001100111010100111110111110011010100111011
10011100110100100000001011100011111101011000001011111111110000111011110100000110100000011111011101010101000100011111110010011001010111001110101111100101000101011011100110000001101010
10010111001101010110100110000111111001011101110111000011011000000110110110001101110000111010110000110010111010101101001110001000011010011100101100000101111100101011010011101101000001
11001010101000011011001011010000011100000100111100111001010111110110011101011010101111100101111110000010011110011111101010110000100010100110100101001011101110110101001100100110100010
10101011100111011101101010101010110100010001111000010111000011010111110100101110000101000101101001011001001010001010110100101111110010001101111100000000000001010010100011010000111101
00000010101001100000010001001101101000110101100000010000101000110111111000101101010001000111100101111000111011011000110111101111100010001011100101010010101000000000110110010100011100
11101011000010111000001111111000100000001000000110000110010111100000101000110110011111110000100100001010100000100100110110000011011111110000111011010011001111101010000000100101010111
00110011010100101100010010100010001010110101100110011000101001100100110101111111011101110011001011011100110100100101101001011111010100010001010001111110000100010111110100111000101010
00001111100011111000111101111111011111110101101001011100111011100100011101000101101011010100011000111000011101011101111011011111101011111110111111111010110001010010010100110001000010
01101110101011010010001000101000111111100100011001110000000100111110011110010011011011111111011011101011110100001000110010000011101011011101000110101011101011010111011110010110010000
00111011110010010010111000100110001011101111110011101101110010000011001110011010111011110001011101010101010110101011101100000001101001101110000101101110100010110011010110110100001110
10110111011001001011101100011011011100001110001011010001101110011100000100000110001011110110111111101010010101110000010001110010111011101101101100100000010000000001000101010011010001
00100111010010011000100110011010000100110000100001110101111110100011010011000011001001000110100100110111111010011100101111111101001000111111000101101111011011011100000010101110000111
10000111011010101101011001001110111000111101110011010100010000011000001011101001100001111011000111000111111100010001000011000101101111111110101111110111011100101010010001010001011001
11111010100110110111100111101000000110111101111000110000001011000101101111100000000100011010000100111100111001111100000111011111010111110000010000011011011111000100001100110000111101
10101010010110011000101010001000011011111100101010000011010011001000101111011001101010010110110000110110110101111101010001100100011101110001110000001010011110011111000001000111010001
10110111111100111011000001011101100111101110110100110100100101011100000000110010100110111110010010111010001011110010101101001001000011001110111001110111010101100100110011101011000100
11100001101000001000011110101100110110101011111111101110001111000010110000000000011010000000011001110110111011010011010000110101100110100001101110101011100011011011111100101100001010
01110111101001100100110010000100010111010000111110010100001000110000110001110100011001000011111110100111100100111111011010101010011110010111100110010010101001001001001111001111110111
11100010111000011111101100000111101110011111111111100011010101000101001100100011111111000010011111101100100111000000011101001111001010111010000100111101111101101010010001101100110010
10110110111111111011111010111000110101110011111001000111100010010011110000101000001010010111010101101110111000000100000010111011010001000110010000100011101111011001101000011100011001
11011101110101110111100110111011100011111100000010001101110110000101110100100101111010101001111100100100000111010001001111101101110000000110110100111110100001110110000011100110010010
10110111001100000010110011001101011000011101011111001110011011110000101111010110101100011111011010110010000000000101110101100010100110111110110000011011000100001101101100000001011000
01101011010110010000110110110011111110110111101001101010001110000010011110000001011110100110101001010110011011101001010010110100000010001110111100010011100001101011101010001011101000
01001001110011110101101111101110001011010000100000010101111111100011010000111101001110001000101001011111000101111110110110111001001000010000111111010010101010101011000101110110100010
11001000011001000000111110110000101101101000111110101001001000001001001101100010110011101011001011101111000010011000010010101000111001001111001000100111100011110111101010100001101010
10100111000001000100111101101110010101101001101111011100110001000101011110101010000101100010110110101000111110011011100001011100011110010110100101011111110111011011000010001001110011
10010001001001111010011010110111000001100000010111000001000110010111010110100010101100111000100010100100011110111001111010001010100100011001000001111101100110000000000001001100001110
11101011011101001010000001000000010000001110000110001011101111101111001101101011101111001011100000100000010110001011101111101101001011110011100001110110100111010110101000111110111001
10101011011000010101001001111111110111100100100000010111000010010011100101000110100011100000000000010010101101000101010010100100001011101000001011110000011011001111101100100011111011
01101001100011000011011010010001110001111011000000101010000011111001000010110000111001010111110100101101111011010100011111011011100011000010101100110111100111110111000011101100100010
01010011100001101111101000111111000000111000010011011110111011001100010010001000011000100000100100101010010010010011011010000100011001101110011110001001011101011010111111110100111001
11111111011101010100000110100100000000011000011111001000011010111110011011001011011010111110101110001100011100100001111000010100110101000011110010001000000011111000101000000100000011
11010011000010100101110011110111101100101111000100101101111110001100101010010000100000100001100001100110101010000010011100011011100111100101010011011111001110011000000001100100011111
01111101111111101011000000111011010011110000000101001110001011101000011011110000100101111110001101101100001101110010011011100101000000111011110100010011110101111001101111000110111001
01100110001010011100001100010011110111111110101000011100100111010101101001110110100010001101110010011000100101001011010011110101111110101110110001101110011001000110010111010101011000
10001101001010100100010010110010011110000101111000010011001101111100100110011010011100100100001101111000101011110010011101100110000111001011100001101010001001111010000000000100011010
11101011100110011001000101010110100110110111000111101001000011100111111100011010110100001010000000000001100001110101100000100110110111110111010010000010101111111111011011110100101000
10011011010111101010010101011000000011111000101100000010011010000110010000111111110101000001111010100110101010110010000011010101010101111100101111111100000111100110101001010111101010
10011111111010001110110010110010001100110010010000001110001010000101011010000010101111111001000110010000101000100100000100111000011000101110111110010110011111001001011001100010101010
11111100011000110111001110100000000000101111011111101010011010110011101111011101100101000110110100011011101010011101111001111011101011100111110000010000111110001001010010111110111011
11000010100001111001000001011100111111110110100001000010100110111101110001111011110110001110010111101101111000001011110110000011011111000001111010011110000011100011001110010000101111
01110001010111100000010110111001111110000010010110111010100100010001010011100000100000101011001101011001110111110011111010001110101110100100101110001010110110000110110010110001010010
10000111011010101100001110010100001101000010100101001110110100100001010101100000110111111110111110000101101110111101010101000001101000111101011111010111011011100101111011111110010111
00011011111010000111110000001100000111111100111110100100111110111000111111110001011001101000111111101011000100110010001100111100001101011001110111111001000010110010100000011100001011
00011100101001010100110001010101110111011100101010000000010010101101001001100011010001110001000010100110000111001110001100111100010000011011000110000010011100000001110010111000011101
10111011011100000100011101111100101101001000011000111010001110010110011100101111011101001110111100011111001001011001010110011010100110100000000000101101100011000010111011111111000111
00000011001100111101110111011011011010001011111101010000011111011000100100100010010000001001001000000111000111100011101001111000001011010111100111010110100110000001111010100011110111
10000111000100110010001011010001011111111000010100111000100010111110010100000010100011010010101010111111110110001110101100000010111001000111000010011110000010110101011110110110000110
11010000111101110110001011111110110111001010001101010011110101010111110000111001100001101011100011001001011010011001000110000001101011011001010001011101011000111010011100101101101111
00011100100001100001000011110011010001000101110001001000010011100001000010101001010011001010111011000000000011010101100101010100000110110110101000101000000100001011100110000011110000
11011001001010100111100011101000111001110111111001000001001010001110101111010001000001110010010111000010001010100110111111101010000011110100000111100101010110010000011111110111001101
10001110110000000101000111011001101110010111110001101100100101111001101110111000011010011111010101101100101010110001011111001110010011110000010101011100001110000010010101101010110010
00110100000001110111001111101101111011001111001010110100100011110000100111101101001110101010010010011110110010110010100000001010010111110000011100100100101101011100110110111010101011
01101010100000001110010001010011110000011110110000101101001011000000111000010111010110000011101010000011100110010011000010011101101001100100100110000110111001000010000010101111111001
00000001110100011100101011000000000111101100111010111100001011100100111110010111001110001101111011010000010110011011101010110111101001110010100100010101010110111000111100100001110111
01011111011101011001011110010100000110000000110110000001100010000110100011011110110011101110010001001011111100100010000000110110011001000001100111110011011111110100010011111100001010
11010111111010001010000100101100010011000000011010010010001111110000011111000011111100100001101000111000000101000000000111100101010101001001011010010101111110011111000111100001000100
10100000011111111101010111000110100111011010101000101011101111001111001001100100001101111010010100010101100011000001111000000011000110000111101110110111100010100000100010001110000110
11110100101011100111101011011110001010110101111111001110000010001111100001101110111011011000010111000010111011100000000001001000000001101110101110001010000000010001110111101000001000
01011111100010011100001000111101001010001110010010000010101100111111110111100000010110100011100101110001100000110000111001111000011001000101111000011110110111111111010110000010001010
00001000011010110010100011101010000010111100000011001000010011010101001001011111010110111000000101100111101010100010001101010010100010011010100001011101001110010110010101010001000001
00110110101100011100100100000100111101100000101001001110011100010111001010110111010111000010111101010101111010000100001000010011100000001010100101111011001001111111011100100000100011
00100010001010111001111101100011001010010000011001010001000101010000000010001101100111101101010011010010101010110110111000111001010100111110110100101100010110111111001101011011000011
10111010010101001100001101101011000011100000110101010011101001101111011111100001101011010001000110011101001101001011000010111001010000000011010001011101001111000101111101011100011000
11101111000101001011000010111110001010101110101000000101000011101101100000011001010101000000111110011100011110111101010100011110011111101001001101100100110100111110001001000111110111
00000010101101000110111000000000101010111010001000001001111001000110101111101101100011110100011000100100010011001101011101010011000010010101100000001011101111111010110100111101111000
00011001010100010000010000100011011010011110001100010001000101000111101001101111010101001111010100001001101101101000011111100110101000100111001111100100011110001100011001110000010011
11111101110100011011101110001011100110110001000101001000000111000010100101110111011101110001011110101010000000100100000111100011101000110000011001010001000101101101101101000100100000
00011001110111000101100010101110100000111111001101101101000000000011110011100010101011111000111011000011110001101001000001000001110001000001100110001010101001110111000001010100010101
10010001011011000001111110010111011011000110101001001000010001111110111000000011110100101101110011000000101001010100011111101000111001100001001001001001110110111010010111110110110001
01110110011100010101110001100000101001010000001110011100111000001011111110111101111111101100010101010100111101111011010110110110111111011000100010010101011011111111010111111011001101
10000011000001100001111111001010000000100010101011101111010000000101011000001111010001000101010100011100111000001110001001111110101111101110100001111001000101110111000010010001110110
10101000110100011001101000110110010011001001110110010000011011000011001100101010110001111101001000110111000111011101010001010110001100011101101110000111100111100111000110011010110000
01100001100111000000010000010001010111000011001011000011111101111011110111000000101000110010011100101101111111110010111001110110100111101001001110010111100100011010011000001110010011
10011111110010010101110101000011001111001001101111101100101010110111100010010111010110010010001110111110001101010011100001010110000010001110010001011001000010100111011001011001111000
11000111000010110010010100010110111000000100000001100110100111000101111000001001110101010011011010110011000111101110010101111000101011011100011001001010010000110101100111000011100100
10001111010000101000101100010111011100101101010111011001110001000100001111111110100001001010101110100001100111000110001010010101100011010001011110110100011000111011101001011111110100
00101000001000101111101001010011010010101111000110111100101001000100101110110100010000101010100100000010010110011010010110001000111100100110111101110010100011000010101010001001011101
00100110001101100001101000100001001110100101000001000010110111000101111001010111110111101010000001011111010101001111100011010100100010100001110110011101001000100011011010111001100110
01001110110000101110000111111000001001101101010001000111010011011111010110110100001001100010101000011001001100001011001000111011010001111110010011100010010010110111011001111100010100
11101000010100110101100111111010110111110110000000001000110010001011001000110100000001001000101000100101000101111000100001111011001001001100101101000101011100110010100101101011111100
10000100101010001010011101000011100100111110011101001010001010000010101111010101001101011110111111111000000010110111000001000110101111110001100111101010000001100000011101101111011100
11001111010100101000010111010111001101101010010010000000011000100011010010001110001001000001010111100000100001010100000100000100111000000001000111001000000001001001010001010100110100
00011100101110000000110001100100010110100010110101111001011011101001000011111001100000011100011110010001101100001000000111011001011000010110011001001101111101100000010001111111011010
11111011100000010111101011111000011001001100010011001101001000000001000111111101110111100001011111001010101001110001011011001001010111010110011011000001101101001100110011111010000001
01110010000100111010011110001110111100110110000001100111110000101110000001101100101100111100110101010000111111100101011100110101001110111111001000100101001011010011111001000001001101
00010010111111001010110111000111011011111110100011110110011101010111110001111010011000110110000011011000111001000001000110000000011010010111100111011000010001000111111101110101101100
01010001001001110001110000000100111011100111011110110001101000001001000010000000001111011111101100010000000110101000101100000001110110111110111101101110011010011100100010101110010111
10000001001000101001101101101110110101010010111000011010100001010111110111010011010111001110110101010110101100100011100101001101010010111001010111111010101101000000110010000001001011
00011111110111101000011001001001001111100010100111011011111100101001110001111100000110011100000011001101010000000011101110010100100111111010100001010110111101110111000101101001001111
11100010001010011001000010011100111101010001101110110101001100011010010101011111100000100000101011010100110111001100000101000100010101101100100111111101000101010001111010001011011010
00001010000011011101011110000010111111010111001010110010011000001101111111111000100011100011001110010011011010101101111111111010111000111001101100110000011010010001101011001011111000
10010101001011101001101110001011001110101100010010001010011110011011000111110111100100101010000111100000101001110010101111110101011100001010110110011101101101110000000100010010100100
01111100001111010111000101010001101000000101100110010101010001111000110000011001100000001101101001100000100110101010110111111010010010100111010011110100110000011000000011111011001111
01100010010010010010101111010100110011101000111100110101101111100100001000110001111100010001111001101111111110101101100010100100010101101111010100000111001101010001100011100100100111
00010001011011101110001100011010010000101100000000010110000010011101010010110100010001100010000000101110100000011011100100001110111100100101110111101110011100111000111110110100010100
11001011001101001101101111010011010100101011011111100110011001100110100110010000011101011000110000001010001000100000000101010111101100110011111100111010011111001111001101010010000100
10011011011111110010010101000001010111100101001001011010000111011100111100110110111010010011100001011011010111111101111010010010011111111001100011011000000011100110000001101000001101
00111110001110000110101001111110111111000010001111110111011001100101110111110101110001011000001010001001001010001101100011101000101011101110010110111011001000001011111000101111110000
11110110010000000111001000111001001110101001101100001010011001010100100111101100001011010011111101011100100000110100010000000011001000101000010000100011000110101001010011110100010111
10011111111110011000010110010011100011000111010111001110101111101001110110011100001100011110011111110011000101110101000101010001010100001000100101001110100001011001001010000010010101
10000000100011011000011100001111010110001101000000000110101010011101100011101100110001000010110011100001100110111101010100001011000101011001011011100000001000111010111110101011010010
00010001010011001101011001111010011011011110001001010010111101101110010011001000110111101010010111110110101011100001000110010100111111111100101101011101100111000010110110000010111000
11011001101101011000110010011101010000011010110111000001001110110101010100101110111001100000111101011110110000001011001011111100010011000101001010000100010001101010011010000110110110
00001011101011010111101101100000101110111111101100110101101110100110110000011110001011000110000001011011010011000100010111100001001010110110110101101111000001001110001101110011011100
10101101110000100111011111110011011100111100100111101101101110000101101101101100110000101000000010000011001101100011001101111010010000011110010000001111101100101010001000010111101111
10001011000011101101000010110100111001001001100110111010110101100101010100100110011101010110111101011010110110001000101000001011001011010110010110110001101101111000101011101110000111
00010111111000100011100000110000101001101111011011011010110111010010100110110111010110110001001100110011101110001010000101100100111010111110101110000000011110001011011100000110111000
00010001101010101101000100111100110001111000000001101101011001001010111001110000001100111111010010000101110111010010100001001110101000111000010010110010010010011010110010000110101001
10110111010111111101111100111011010001101001101001001111101101010110000101000110001000010111011010010101111010001100001001001111101011011110100010010111001101100110101110000011000001
00111100000000010011100000000101100111110100101001001101001011010011110111010110111100111000110101000111111011101111010101101110001001001001010010111011110110000101111001101001110001
11100101010101111100111110110010100011111101110001011100100111000100010001110011111110111000010111110010000000101111001011001000001010000101010001001000001001011011001111001110000010
11000111111001110111101100010001001000001011000001011001111111111110111110110010001001101011101101011001000111100111110011110100000001001101101001011001100011000100010001010100101000
11100101011111000111101110001001111001000100101110111000010011110001011011111011100111001000010111010010101010111010011110110110110000011111110110111110000100111100100101111111101100
11101110110111010100001101100000101000101001110010111101010000100000110010010100001000100000101011001010100101110011111001100100101111000111110100101101001100010101110010010000000111
00111001111100101010101000111001110101000101010110101110011000010100111010101100101010001011100010000110110100110011111110111100000001001100100001111100100110011011111011111100010100
00000100100110110011101101110101100010111111101110100101011010010111110100101111110011111001111110001011011001111111100011011110000001001000110111101101011111010001111011110111111101
11101110100100001110000011011011101001010000100110101011001001100001110011011100011011010001100000010001110001011101101011100101101000111100000111101101010111101001111101110111011111
01100001000100011010011110110001000001110001110110010110010110101010011110111010110000101010101110011101101110110001100100001011101101111001101111111010100000000101010000101011011000
01001000110000100101010101101110000100011010011111000101110010101101111111110100100101010110001111010100111111010111101101001010101111001101000111001010110001001100111100101011100101
01011010110111010000010010100111110111011000110111010011001010101101010100011011100010000010000001001010010001011000110110111110010101010110000100000000100011000111000001110010010001
01110000111001000000111010001010111100101110110000010000011000101000010010011101110111111101010101011011000010011100101011000110111110001101011101001101001000110000010000101000100111
10101001000000011010100101011010001011111100110100110011000101101110001100010100010011111001100001010001111101110110000100101011110110001000011011001101110010010111110100010011100001
11110010100010001001100010111110000100100001100000001011010111111110101000100110011101101100111010011101101001100110101011011001111100011000111000110001011111011101010000111110100101
00111011001000011101010101101100001111100100110101011011111110101101111111010111111011010111010011011111000000101010110000001100001110001000101101010101011010111110110111110101011110
10100001111010101011101010110110000011000110011110001110011111000110010111000100101110111001111111001110110010011111100000011101110101110010001100101100100111110111001100101110111111
10001111110011000010001010000000010010010101110101011000011011111000010100101010100110011111110100101110000101100011110100100101001001111100011001001100111111000000000100000011101011
11010011000110111101011101100001100001111001110110100010110100101000111100111001101010010111101000010010001110001001100110110011010000100100000010111101110010001110010101100011101101
11110000011110010100110000011111010001100100100011011110011101111000000110000100100110001111010000100110001001010110011001111110000010111010001101011011100001101001100010100110001110
10010101010011101001010110101101100001101111011010110110111010111101010111101010101010100111000100100001000000011010011001100100010001010101111100110101001011101001110011000100110001
10101111000100001011101001000001100100101111000001001000111100000111001111000100110101000001001010010000100110100101111011110011111010111000111110111111100111100001111110010000010101
10110001101101110110001010000011111111011001110111000110001001001111001101100111111000110101111000001010011110111011010101001000011001111000101110101111101101010000011010111001000000
01111011110101001100110110000111001101000101000010100000111100000101100101001010111111011011100101111010110010001110010110001101010011111110100110100011111110010100000101011000000100
11011001110110111111111101111101000011010110110001000100111100000101101111100101110000011111100111000101000100100011110011110111111100011110111001100010010010100111101110110001111001
00000110111010010000111000000110101000100011111100000001001111001011101111011111110110111011000100011001010100000011110111000100000100001011111111011000101111000110111101011101010010
11110110110010110100011010110111010001100111010011000010010101001010010101101010011000001100010011110010000001000011011011101010000010010010011110101110001111011000011100010001110010
00111111000110100100010001010001011100001011010110000101010010010011010100001011101001001111111110010111111000000011101111010110010011011010001011111111000111110110101100011110100000
10010000111101011000001101001011110100101000110011011000110001010100001110111011101001111001110101111101001001110001100000001010000001001010101111111011111110010011101110110000101101
11100001111111010001101111100010011000101110100111011110101100110010000100110011110100001101110010101011101101110010011110110011001101110001000101000111000101110110100101011001100001
01100000010100101001101110111000011110011001011000011011111010101110011111011101100001000100110001001101000010010011111011111000000001001000011111010001001001010011010011111011000111
11111111110000111011001101101000000111011100100000100110100000010010101110000110010011001101010100000101010111111011001011001011011100111111110001011110000010111111010101110001000101
00111000101010111001111110001111010001110101110011010101110100111010110000111111110111110010100101101010000000110000101110011111111010011110110100010001000110110000010001011001010011
00001100011101011011000000000111100010001000010111000110011110001001100010100111010010010001000110111100010110100000100000110010001010000000011011010010100001000010110110111000110011
10110010011011110001010000000001011001001100000000001100110110001100011101000101000011101110001101100101001000000101100110111001011010001100100010001011110100100000111011001000100101
00000001000011000000111110100010011011000100100001101110011000000100111100011100011000101101101000001111101101011111001000011000001101101110000000010000100101000010011100100111111110
00111010011001001110111001111101101101001101001011000010000010000011000000001000011011000101010001100111010010100000110111100001100010010110100000001101011111011011011101000110011000
01111001111101101101011000000001010000001000000101001010101110100000101100010001111000011000011110101000101010100101000111111010101001110011010100100100011111000011101100101111100001
10001011100110101100100011001100100001111100110010000000011101010011110011101011100001100101000000010100110000011011111110110101100101010100011101100110010011010100001000101010111001
00000111000010100100100110011110000100001000101000001000101110001100010000000001001110011011101011110011001100110100111110000111011111100101000100111010000110001110000110100011111011
11101010111111000101111111100011111101100011101011110011111001111001100111001000000110110000011001110101110011000010010100110111010101001101001110110110100111000001001000111010101111
01110111110010010111000101101111111101001110000111101100001011001000001011100100101010001001110101111110111010110100110000101000111000000110110010011111111110011001001101111110101011
10100011111011000001011011000111111110000011011001000111001001101000100101010101111010001111101101110110111001010101110101111010111011111001001111111101010111100001001111010011101010
01001010100001110100110111100110110001001111001111110010100100000011100111010010110100001000100000011100110111011100000100110101111010001101110110110010110000010111100110001000101111
00111001110000111110011101000011000111001010110110100111010111001100110110010100100000001000100000111101111100110101010001101110111000001110100101100001100011111010001001101011111001
00110010001001101000100011000011110010010111101000010101010011110001111100010110100101110000101100000001011110001110111011111000100111001110100101011001101100011110101101100010010110
00000101010001100101100010110111111110010111100010100001100100111110000110010100101010100010111110011100100010111001110110110000100110100000010101111100100011101110000100011000110010
01110010001110000101100001111110101011100100100010101110000011000101111110111010010000010100010101111101001111111000101111110011011110001010101010000011110111001101011000100011110100
01010100111111000110000111111101010110100110001010001000111110010111000101000011101100110011111100010111000110000011110000001000101101001010011100000010100010000011101001011001001001
00110101010001010111011010110111010101111100001010001100011000001101000111111100011100101110100110000001100101010010010100011101100001011010101101011010110100001010000101111000010110