1
100 100
0111001000100101010110111010011001111111000110001110110000010101111111010011110101010110111001010001
0000000101011000111001011101001001101111101110011101111000110001001010011111100100011011010011100001
0111010110011100111110011100100111011000001001001100000010111001000000101110111010001100100010001010
1001100111100111111101100000001001101010001101010101110110110100111111100000011000100011100011000110
1111001010110100100100000101001110010100001101010011110101111000001110100110110001110100001011111000
1010001100111110111100001000010111110001010011001110111001011100001100000001100110111011110101001000
0001000111111001000010001001011100111010010011010010010110110011111001001101010101011100011101001111
0010011100100001111111101011001001001110101100101110010010100000111001000110010100100000101011110011
0100110011000001011101000001000010110001101110101011011000000000110111110001010001001010110111010011
0011100000000001111100111101110110100101101000000001100110001011010111101100001011100110110001001111
0101011011010100001100010111101101001000101011100010001001011011000110001000101100010001100100101111
1000100101111100010001010000110110100001010001110110000001011010101001110001000111101011101001100101
1101110011011010101110011011100010011011011111001001100001111000001010001000101001110101111011011111
0101111111101001000101111100001011110001000000111001111011101101010000110011110100101000001011110111
1101000011000000110000011101010100111010010100100110111001001010000111110000111001000101110010010111
1001011001000001010110011110001011110110101011000001011100110000111000101100001001000110010010101110
0111111100101001000110110101101110000000100111101111100010111000010101100101111001011101101000100111
1110010111001001011110001110100101110100000010010010101011000001000010001000001001000110111110011011
0001111000011101110110111000000110000111001001000110001010100001000101001100010101111100001100110001
0110011000010000010010001110110100111000000011110001001010001000111110000100011011110001100000011001
0001110011111010010111100001001111010100000110001011101011110010010001000111101000010011110110110010
0100110101100010110000101100010010101100000011100111100111101011010110100101001010101111101100110100
0101000111011010101000111100101011010110100001101011001111010001110101101001101000100001000000110101
1111001100101001001011111111100111110001110001110111011101000100001111000101100111100111011111111001
0010011011100001101010101001101110111010101101111100110110101100001001010111011100110100000111000011
1000111101110010000101010011111010101000111010110000101001000011100111001100010110101001110111111100
1101001101111100000010010100100001000000000000011101010011110111101001010000010110110110010101010000
0100000111110010001000110001101100111100000000010001001101110110101001111100011101101001100010101001
1000100001001100111010010100001100011111101110010000001010111101100001111111011011011000001101111101
1111010001001000101111111011011100001100011100101110010011001001000111011010001111111110010010000110
0001010001111000001101100110101110010000100000110000010111000110000000110100100111010011011100110011
0111100011001100001111000011010000101110010001110011101001000110111110000010111000111111100111010101
0011100000000100010000100111100101111010111111110011011011101000111000010110110010101110011110011011
0101011101100101001000010101100011001001111010011001010101110001001000011001000011011011001100010111
0100000000001101010001010000000101110011111110101101000110110110001101001001101111001101010011111011
1011010011100100101110000001100010001010111000100111010011111101100001001111010000101000010011111000
0100101001100011001100111110111100111001100001010000100010000000110111000100110100011001011001110000
0101011010010010000011100001101010110010111110010100000100001001100001000011111110000000001111111110
1110010100010110111100100011101111100110100000011000110100000101101110111101111001011011101010011000
1110100000100101010000010001101001001110010100001101101101110000000010010000011000100100101100000110
0110001101011010111001101111111011111010010111010101010001001001001000101111100001110100101111000101
1100000101011000110101010010001110001011011001000101100001110110011010101010100100111100011100000001
0101010111011101110001111101110111000001010111101000111000101010000110111100000110101001010100010010
0100000011101010011100000001001101100011000100001101111110110000101111001100010010011011011011000111
1000111000011100000110011100110100001110001011011101100001100111000011110110111100000100010110111101
1000000000111011001101111000010001010010010111010110101011110111000100000001101110101011000000110000
0111011111101011101011100110010011000010101111110110100101110001101001111010000011000110010101000101
0111010010001001110011010000001100110000010010001000111110010000110111110111011110010010110010111111
1111110111111011000110011000111111001100110011110110111111101100100111111010000011010111101100011101
0101000101000100101000011000010111000011110011101000001111001000011001110111110000101111110000100111
0011011100000001000010100000011110011011001011111010111110000111100000010101000100001010011110101010
1100010110011111110011110010111010000110010101111100010101010100111001110001010010100001011111101101
0111100000110110001101100010001011001001011001110011111111111100010010101110011100010001101000001110
0010001000010000011001101001001010110010001110111110100011101101110001111011111010011010101000010110
0010111110110011010111000100101111101111110011111000100011011101110111101101010010001001101010011111
0111000010101010011000110110110111010001011101010100100111101001101100001000000000000100001010001111
1000110000101111111111110011011111000110110111000000100110010001001001100100110100000001010011001001
0011101001110110101111100000110101001001011001101101000011101001110100010000100110101101010001110001
1100001101110000001101101010001110011011011111101001001100100100101111111010101110000001001101010110
1101110001011000110111111110101000100011001001010001011101001100010111010100010000011101011111010010
1010100111110010000010001000111101010000110111110000000010010000111110000010101001101010110101111111
1111101011101011011001111101001010101010010110100100111000111100001000111001101001000000001111101001
1100100000000001101010100110110011111001111010110011011000110011000110110110011101000001001000110111
1111001000010100111010100000110100010000001101101000001110111110111111101000011111001011101010100101
1010011101110010101011000110000011000010010111110011110100001100001100101001110100111101010101100111
0001000011001101011100111000001110001000011011001000101101110000100001001100011100101000000011011101
1100000000001001111100101011000000011100001010011011011101101011111010011010000001010010010101011010
0010100110011110101001110011011011000010110110011000100111001000001010010101001010110000001001100100
0000001110000111101010111111010110101010010111011011000001010100000110100010111010110111101001110001
1000101101001110011000011011111011010000111110101111111001100011100101010100111110101101100010111100
1110001001010011100001100010101110101010011010000100100110011001001011010111100010110111001000000011
0100100010011110001100110001111100110010111100101100010100000000111110001100100001010110001011110011
1001000111111101100001001010010101000010001100001111001110010101110100000101010111011110010000001110
0110010011111011000101010101000000011101111000011110001100111110000110101101010001101000111110010000
0011000010100001100101001000101011000010111011111100100111000000100010100101110101110110001010100111
0001001101011111101011001011010110100111010111110011101010101010110111110111001001111000011100001010
0101010001001111110111001111010101110101000000001110000100000010010000101100011110111010001111001111
1011010110001101100111000101011010111100011100010001101010101011101111011000010110100101010010010110
1011110111010110110110100011001000100100100111011011001001000101101010101101100010110010010101110001
0100001101011011111001101101110000001101101100000111000000011011101001001000110010000000001101010100
1110010101000110100000100000001011000001011111100101101010100111111010011101101001011011110110110111
0000100011100110010000100111111000110101100011011101010110011010010000100101001110000001101011010001
0110001100010010010111100001001101010000011001101110000111100100010011110101101001111111010011001110
1111011100101101011000000110011010101110011000110011011000010100110101111100011111101010101111101100
0000011011100111100000001100010001001110111010010010111110001101110100110000010111100111010000010111
0101011001111011111100101101110110010111001001010001101001000100011000010010110111010111111011010110
0011001001000010110011010010101001111000100101011001101010000111101011100100010100000001100010100000
0011110000011111001110111100000011010110010110101001110100000010100011010111001000111001011110001111
0100110101100110100001100101101100101100000000001100101010001001100000110011111001111001011111000010
1010000011111111110010001000110000100100000001100110011111111001000110101011111110010101101111010101
1001010000010110001110000110111101110000111101111110101111010000000110110100111011010110001110110100
0100001001101000110100111100110111110001110000100000111011010000010110010000001101111010000000111111
1000011110011110010111010010011100110110000010001001001000000111010001100111110010111010110011100000
0110010010001100000111000111011011101010011100111010000000100111010010001010001101011001100110111111
1001001101100000011000111101011111100111101101011101111110101110000110011011001110100000111101001011
1110011000010100111101100101100011100000101100111111111101111001101110010000010011101100001101001000
0110001001011001111000111000010010010000100011011010001001101101110110000111110101100100010011111011
0010100011000000000011001101110110000001111001111000101110100101011101010110001011100111001000100010
0110001010000100111110100101101010011101001000001111110011110011111010000011101100001100100111110010
1100001101111011000101000010010001100001111001100001010000011010001010110000000110000000101100000101